0 0 0
0.000109739 0.000109739 0.000109739
0.000548697 0.000548697 0.000548697
0.00153635 0.00153635 0.00153635
0.00329218 0.00329218 0.00329218
0.00603567 0.00603567 0.00603567
0.00998628 0.00998628 0.00998628
0.0153635 0.0153635 0.0153635
0.0223868 0.0223868 0.0223868
0.0312757 0.0312757 0.0312757
0.0422497 0.0422497 0.0422497
0.0555281 0.0555281 0.0555281
0.0713306 0.0713306 0.0713306
0.0898765 0.0898765 0.0898765
0.111385 0.111385 0.111385
0.136077 0.136077 0.136077
0.16417 0.16417 0.16417
0.195885 0.195885 0.195885
0.23144 0.23144 0.23144
0.271056 0.271056 0.271056
0.314952 0.314952 0.314952
0.363347 0.363347 0.363347
0.416461 0.416461 0.416461
0.474513 0.474513 0.474513
0.537723 0.537723 0.537723
0.60631 0.60631 0.60631
0.680494 0.680494 0.680494
0.760494 0.760494 0.760494
0.846529 0.846529 0.846529
0.93882 0.93882 0.93882
1.03759 1.03759 1.03759
1.14305 1.14305 1.14305
1.25542 1.25542 1.25542
1.37492 1.37492 1.37492
1.50178 1.50178 1.50178
1.63621 1.63621 1.63621
1.77844 1.77844 1.77844
1.92867 1.92867 1.92867
2.08713 2.08713 2.08713
2.25405 2.25405 2.25405
2.42963 2.42963 2.42963
2.6141 2.6141 2.6141
2.80768 2.80768 2.80768
3.01059 3.01059 3.01059
3.22305 3.22305 3.22305
